27255
18018
24216
2338
12236
675
15386
2794
4751
29325
6819
32228
11245
25112
14012
5807
31849
28655
27990
18532
21447
21441
23778
31783
29567
14301
19940
29210
10669
11793
27914
13870
3632
10167
25169
17649
21632
18049
24242
50
1011
32675
18699
11599
13253
25027
21353
20768
14812
14324
10414
25738
20562
16353
31598
8802
2182
17591
28126
16069
12791
209
19169
14497
22735
13331
21003
28072
27159
18817
25480
8699
8345
8221
22284
25931
7977
19135
29952
31296
6270
13577
5920
21896
1721
24104
12808
12307
14402
9271
13859
25609
5884
11350
18543
30832
5529
29379
25823
28197
19937
11960
27954
28701
766
5411
13302
31573
12715
31592
27237
7311
12048
22127
8496
3512
16169
24047
32398
9578
2486
8414
24120
12373
20843
20512
2404
4148
28819
27331
11764
3724
18471
31811
4880
9045
13851
25537
5725
14101
26651
20567
4383
16482
731
11150
31571
12243
27041
26312
24410
9010
16360
20264
24109
5541
14707
24590
21583
10928
7446
11787
26763
9168
27305
1219
14314
27931
15589
24262
16968
16002
20454
6933
7328
2689
21679
27872
29282
7569
18421
20198
24642
6782
31180
21096
12031
4165
17373
27517
26600
18702
16724
1095
24227
13736
23675
6702
19939
10872
19153
1498
20169
12098
7054
11073
28431
25225
16710
27894
11557
32555
30066
5554
27153
4788
30734
8003
1003
28892
2702
2403
17230
25421
1911
14994
27361
26824
23985
4441
4107
17257
12873
24089
28457
32406
26399
9422
24051
3085
19270
644
10330
25503
25491
18964
26611
12860
6864
19935
7421
21510
23031
26632
30041
24780
7932
29527
22218
8243
833
10151
21413
31151
28926
13672
20300
3619
21868
10979
10473
27829
5847
8122
6223
5351
23529
10692
5231
1955
376
10756
4798
11263
7734
6722
31094
28576
8151
29520
4582
19529
30360
2914
32068
4261
18884
27037
28376
21906
32117
13967
28122
6979
26698
4812
19896
29677
3386
24668
24917
11720
24215
5054
8167
5457
409
9480
20699
610
4100
10273
9530
15038
4570
10948
22078
860
15294
19534
18031
15556
28995
9617
4220
26133
11087
21972
23059
17895
399
31281
25960
8980
11567
8094
18959
17408
30810
28954
27017
8919
23720
11443
7593
17280
13156
2659
27182
31272
26138
17718
6335
18842
14587
29799
12564
14074
28789
14332
14289
11934
13594
18823
22378
8171
2778
6142
21790
22817
10946
15061
1410
12802
12012
7787
15083
21803
9651
5248
4909
4163
17402
23780
7744
9663
14577
23058
775
18004
24357
10139
24028
20897
17971
18681
23042
27607
9336
19251
841
22602
8207
14641
19480
15420
8267
14475
19355
27898
15075
8288
15512
22281
10921
24691
10238
12927
13721
3111
77
22410
24504
25100
9783
3956
17419
21474
12462
9075
21341
245
348
28083
9957
13514
17957
15371
31745
25467
10022
24589
6412
7066
12924
29857
31812
24548
29786
26046
21559
3085
13446
21788
24995
12292
3315
26104
12512
22802
23225
26149
16738
6265
21262
21153
24563
24089
25180
2214
30317
6471
16431
482
13269
26458
19218
11068
159
31356
29686
19512
761
18665
19939
9218
1122
20833
28296
15982
23251
27955
16756
20601
26413
28815
19585
14288
29257
9453
24009
18397
9075
27193
27242
22272
23321
19169
9175
5020
27551
6294
13230
6775
11515
21491
6087
14496
6529
8877
14072
27445
6605
3452
30612
14624
5118
4502
13657
27261
28878
29595
18561
4602
30130
31148
12415
25348
9136
6369
25521
7622
15118
19648
32033
10959
11410
23276
18742
4010
7836
17007
9883
2729
29886
8964
7163
12930
4657
27769
1635
29544
20521
26142
18681
26551
9157
31644
30189
9223
1686
26896
10359
12101
2274
18373
1891
6443
26144
26713
18074
26115
32478
15053
5089
17058
14588
20291
15276
18527
2280
27116
12367
5563
13372
23611
17187
24159
19382
8239
8248
16588
18103
22784
8042
1309
24805
31558
22446
2620
3056
31413
300
2187
628
20296
3922
21733
17054
13201
29905
31724
19757
23908
29332
24756
21949
8385
2179
31879
13077
12047
13671
2091
17462
13850
26205
8108
2955
28493
26751
3513
5361
30148
6738
4167
11013
2458
833
17259
24557
18828
6742
6301
31103
4593
3881
24645
2359
4698
28864
25438
16195
2174
15653
30018
17880
31395
26590
20381
26190
6137
171
3446
29089
1536
7486
32343
14481
25529
9633
769
21217
19129
29517
30591
26484
7661
26305
3182
5557
20861
2791
19341
12686
6175
9838
12
21239
27080
32302
778
12843
20725
13946
2118
25110
11730
29744
12864
5274
18214
13552
2189
6995
9367
16117
22065
26243
18831
30182
23722
7683
28362
10229
22736
32167
31456
10224
7287
26053
3633
21152
6201
29248
30755
20822
28067
5167
6587
21585
4616
21806
19816
5386
17957
21723
5237
3965
2281
12939
26697
16737
28621
2724
10284
3132
27936
26427
298
11103
2756
1153
14643
19032
25671
30285
24311
21211
20341
11531
17584
5293
7260
31117
7885
12521
13561
925
20356
30991
28286
15468
22697
26328
831
16088
25410
8357
17367
23283
14829
5294
26348
10066
30958
23312
9153
5258
4981
27743
29318
21767
24651
31589
25430
22713
30309
27539
5854
22497
2603
7514
9344
26220
15607
3268
15761
15381
3238
1147
23817
9182
30530
11932
4994
15627
16371
10285
15311
10454
32507
12667
12760
588
2946
12273
279
15717
21983
25775
17356
12489
4523
30782
23052
25986
19400
14575
31328
28719
11503
6209
23562
21529
22963
32648
25589
5384
26429
1178
20408
17197
25136
20954
29553
7380
22628
4835
3081
20556
28101
16839
5267
19724
24044
23737
13597
2651
32675
14778
8937
31283
15135
5681
31680
6124
8994
18188
8709
8658
4658
10981
22794
22664
31149
21477
25979
11419
1816
21035
12268
27195
31564
19509
21057
25481
26452
18462
24985
11779
165
1187
3486
9421
6910
16482
6395
7234
24622
6657
14972
9753
22224
10596
2658
12331
32625
31466
15976
7894
10008
7621
29171
12008
5504
13886
19449
23782
13009
20052
7384
14272
15417
20798
18153
9983
24539
15191
22070
1864
17234
31315
24651
6080
26923
11344
18294
9316
19643
7778
21836
1140
27292
14515
1221
24343
328
21217
24022
8100
20195
15624
27341
29070
18587
28567
18814
7259
21606
9610
16854
27275
29098
24207
11247
27658
14553
17738
407
